0000000000000000000000000000000000000000000000000000000000000000
0000000000000000000000000000000000000000000000000000000000000010
0000000000000000000000000000000000000000000000000000000000000101
1111111111111111111111111111111111111111111111111111111111111011
1111111111111111111111111111111111111111111111111111111111111010
1111111111111111111111111111111111111111111111111111111111111001
1111111111111111111111111111111111111111111111111111111111111000
1111111111111111111111111111111111111111111111111111111111110111
1111111111111111111111111111111111111111111111111111111111110110
1111111111111111111111111111111111111111111111111111111111110101
0000000101000110111000101001001100110101011010001000111000011000
0000000000000000000000000000011000000000000000000000000000000000
1111110101100000010010111111001110011011110010001101010000011001
0010101100101101010010111011001011001010110110001000100110011000
0000000000000000000000000000000000000000000000000000000000000000
1000010011000111101011001001011110100000010000101110101110011111
1010011000001011100011000001111110100111001100100100010011111010
1111111111111111111111111111111111111111111111111111111111111111
1000000101010110011100001001001001001100101101001010010100001100
0000000000000000000000000000000000000000000000000000000000000000
1100100001111011010101000001101110111110100010000110100000001001
1011010011101110101000110011010110010001111011101011101110101111
0111111110100100111001100101001110001000001001000110010001011110
0001011011101001001010101001010101101000111101111010011110100100
0101110111010110001000011100101000101111000111111010000101100110
0010010110111111111010100100111010000110111011110001101010011001
1101111100110111011101000000000101110111100011010101001011110110
0000000000000000000000000000000000000000000000000000000000000010
1011101000101001000111011010000110100011100100000100001101110001
1110010111110011010011111100011110111011111100001010000101101011
0101000101100000000000100100010010000000100101111100010010001000
0110110010101011110001001110010100101110010101100010110000011111
0111001010010101011011001000100010001000101011101100100111100110
1110011001000011011111001100011000110010010110011100000100001101
1011100001110110010010011000110001100100100010010000101000010110
1111110011001011100101010001100011110100000001001010010111000100
0110100100101010010001011001111101100100011101000001110100111000
1000001001101100100010001011111101010100010010010011000010110111
1011100111111001001101000111100010010001000010001001011100000010
1111010000100110000000000100011000101000001000001011100011011010
0110100100001001111110000100010101010001000100000111111011100101
1010101000001111110000010100010101100110100101111110001011100001
1110011100001110111000001101111110100110100011101000110111011011
0010010101100101111110011100010001000110101000101111010110000100
1100111111101011100111110101011001011011110110100000111001011010
1100000000110010110011101111010001001000010111010101111001010010
0100000011011000100011010001101011101001111011000110011011110111
1111000011101111111010011111111100001000001101110010011101100111
1001000001001110100000010010000100110101001110111111010011111101
